127
9369175102013376103972864
4467570830351532032
691323101154449317387607266452099206685392896
2040
285924533142498050048
285924533142498050048
1171368248680556527616
1171368248680556527616
2130303778816
2831659422328624404019639363387798350583369302016
329710850516961554411686516905476096
643966504915940535960325228331008
86431721197918369719697150287669125709824
2456537265456926483002949632
1257747079913946359297510211584
17045651456
127
127
18302628885633695744
520192
520192
5151732039327524287682601826648064
35747322042253312
266338304
1016
20203181441137406086353707335680
4468415255281664
4468415255281664
35747322042253312
65024
691323101154449317387607266452099206685392896
2832194640213389138975036220626341911259512832
2832194640213389138975036220626341911259512832
146421031085069565952
146421031085069565952
146421031085069565952
146421031085069565952
293994983674745978880
293994983674745978880
136365211648
136365211648
11600669246314041913241748359685496468518964559872
8128
8128
41213856314620194301460814613184512
1257747079913946359297510211584
9370945989444452220928
69818988363776
329648542954659136480144150949525454848
17045651456
9370945989444452220928
2456537265456926483002949632
146393360968959001624576
39459338752221496262409584640
39459338752221496262409584640
39459338752221496262409584640
8972014882652160
8972014882652160
8972014882652160
8972014882652160
8972014882652160
8972014882652160
8972014882652160
574208952489738240
354024330026673642371879527578292738907439104
574208952489738240
35747322042253312
18302628885633695744
18302628885633695744
35747322042253312
338953138925153547590470800371487866880
1293003612232793989526637269483520
146421031085069565952
